File containing the auxiliar calculation matrices

Core matrices

Overlap [S] = 
  1.0000000     0.61565089     0.28282059     0.13325672     0.66607913E-01 0.34450332E-01
 0.61565089      1.0000000     0.75152600     0.42543220     0.22732114     0.12067880    
 0.28282059     0.75152600      1.0000000     0.81497831     0.51741618     0.29623148    
 0.13325672     0.42543220     0.81497831      1.0000000     0.85056276     0.57260191    
 0.66607913E-01 0.22732114     0.51741618     0.85056276      1.0000000     0.86679856    
 0.34450332E-01 0.12067880     0.29623148     0.57260191     0.86679856      1.0000000    
 
Nuclear [Vnuc] = 
 -25.925147     -12.277138     -5.3159322     -2.4642705     -1.2252166    -0.63242750    
 -12.277138     -11.100956     -6.6735103     -3.4962471     -1.8173635    -0.95452807    
 -5.3159322     -6.6735103     -5.8715975     -3.9220265     -2.2870370     -1.2632427    
 -2.4642705     -3.4962471     -3.9220265     -3.4414123     -2.4387895     -1.5006915    
 -1.2252166     -1.8173635     -2.2870370     -2.4387895     -2.1445529     -1.5618346    
-0.63242750    -0.95452807     -1.2632427     -1.5006915     -1.5618346     -1.3762872    
 
Kinetic [T] = 
  98.976848      18.882680      2.7316206     0.45677004     0.89610493E-01 0.19165072E-01
  18.882680      18.147297      5.9627670      1.3538551     0.29683928     0.66304889E-01
  2.7316206      5.9627670      5.0769597      2.1158955     0.61837352     0.15665412    
 0.45677004      1.3538551      2.1158955      1.7440727     0.82986716     0.27539639    
 0.89610493E-01 0.29683928     0.61837352     0.82986716     0.67727445     0.34250529    
 0.19165072E-01 0.66304889E-01 0.15665412     0.27539639     0.34250529     0.27893902    
 
HCORE [HC] = 
  73.051701      6.6055417     -2.5843117     -2.0075004     -1.1356061    -0.61326243    
  6.6055417      7.0463405    -0.71074335     -2.1423920     -1.5205242    -0.88822318    
 -2.5843117    -0.71074335    -0.79463783     -1.8061310     -1.6686635     -1.1065886    
 -2.0075004     -2.1423920     -1.8061310     -1.6973396     -1.6089223     -1.2252951    
 -1.1356061     -1.5205242     -1.6686635     -1.6089223     -1.4672785     -1.2193293    
-0.61326243    -0.88822318     -1.1065886     -1.2252951     -1.2193293     -1.0973481    
 
S diagonalization matrices

AutoValues S = 
 0.14501555E-01  0.0000000      0.0000000      0.0000000      0.0000000      0.0000000    
  0.0000000     0.78898705E-01  0.0000000      0.0000000      0.0000000      0.0000000    
  0.0000000      0.0000000     0.26992367      0.0000000      0.0000000      0.0000000    
  0.0000000      0.0000000      0.0000000     0.71238128      0.0000000      0.0000000    
  0.0000000      0.0000000      0.0000000      0.0000000      1.5896865      0.0000000    
  0.0000000      0.0000000      0.0000000      0.0000000      0.0000000      3.3346083    
 
AutoVectors S = 
-0.41143694E-01 0.16842944    -0.41959661     0.65884315    -0.56590814     0.19887454    
 0.16051971    -0.46270588     0.58167492    -0.70440185E-01-0.53641723     0.35928500    
-0.39080191     0.58719949     0.26451672E-01-0.48610165    -0.21835906     0.46668560    
 0.62373176    -0.13644881    -0.49543077    -0.27344276     0.13966224     0.50260549    
-0.60046252    -0.48122669    -0.14078573     0.17500512     0.37280671     0.46736857    
 0.26498669     0.40315524     0.46863740     0.46826418     0.43108405     0.37752098    
 
AutoValues S**(-1/2) = 
  8.3041026      0.0000000      0.0000000      0.0000000      0.0000000      0.0000000    
  0.0000000      3.5601235      0.0000000      0.0000000      0.0000000      0.0000000    
  0.0000000      0.0000000      1.9247730      0.0000000      0.0000000      0.0000000    
  0.0000000      0.0000000      0.0000000      1.1847965      0.0000000      0.0000000    
  0.0000000      0.0000000      0.0000000      0.0000000     0.79312978      0.0000000    
  0.0000000      0.0000000      0.0000000      0.0000000      0.0000000     0.54761784    
 
AutoVector S Transposed = 
-0.41143694E-01 0.16051971    -0.39080191     0.62373176    -0.60046252     0.26498669    
 0.16842944    -0.46270588     0.58719949    -0.13644881    -0.48122669     0.40315524    
-0.41959661     0.58167492     0.26451672E-01-0.49543077    -0.14078573     0.46863740    
 0.65884315    -0.70440185E-01-0.48610165    -0.27344276     0.17500512     0.46826418    
-0.56590814    -0.53641723    -0.21835906     0.13966224     0.37280671     0.43108405    
 0.19887454     0.35928500     0.46668560     0.50260549     0.46736857     0.37752098    
 
U * s**(-1/2) = 
-0.34166145     0.59962961    -0.80762822     0.78059503    -0.44883860     0.10890725    
  1.3329721     -1.6472901      1.1195922    -0.83457283E-01-0.42544848     0.19675088    
 -3.2452591      2.0905027     0.50913463E-01-0.57593151    -0.17318707     0.25556536    
  5.1795325    -0.48577463    -0.95359177    -0.32397401     0.11077028     0.27523574    
 -4.9863024     -1.7132264    -0.27098057     0.20734544     0.29568410     0.25593937    
  2.2004766      1.4352825     0.90202060     0.55479775     0.34190560     0.20673722    
 
X (U*s-1/2*U) = 
  1.2438805    -0.57716438     0.23364592    -0.11619646     0.50477565E-01-0.14124403E-01
-0.57716438      1.9322041     -1.2333108     0.56379720    -0.24656280     0.65582474E-01
 0.23364592     -1.2333108      2.9341892     -2.0728967     0.88956987    -0.24115839    
-0.11619646     0.56379720     -2.0728967      4.0117548     -2.6288600     0.72972894    
 0.50477565E-01-0.24656280     0.88956987     -2.6288600      4.1228257     -1.8178120    
-0.14124403E-01 0.65582474E-01-0.24115839     0.72972894     -1.8178120      2.0696889    
 
XSX = 
  1.0000000     0.21087732E-16 0.62298257E-15 0.20816682E-16 0.10425688E-14-0.59154071E-15
 0.27620050E-15  1.0000000     0.93154651E-15-0.10789980E-14 0.91593400E-15-0.10408341E-14
 0.23678975E-15 0.12177759E-14  1.0000000     0.15126789E-14-0.99920072E-15 0.10547119E-14
 0.16046192E-16-0.12836954E-14 0.21094237E-14  1.0000000     0.27200464E-14-0.44408921E-15
 0.11839488E-14 0.85348395E-15-0.66613381E-15 0.24980018E-14  1.0000000     0.31086245E-14
-0.66439909E-15-0.95756736E-15 0.63837824E-15  0.0000000     0.24424907E-14  1.0000000    
 
[X] = 
  1.2438805    -0.57716438     0.23364592    -0.11619646     0.50477565E-01-0.14124403E-01
-0.57716438      1.9322041     -1.2333108     0.56379720    -0.24656280     0.65582474E-01
 0.23364592     -1.2333108      2.9341892     -2.0728967     0.88956987    -0.24115839    
-0.11619646     0.56379720     -2.0728967      4.0117548     -2.6288600     0.72972894    
 0.50477565E-01-0.24656280     0.88956987     -2.6288600      4.1228257     -1.8178120    
-0.14124403E-01 0.65582474E-01-0.24115839     0.72972894     -1.8178120      2.0696889    
 
Initial Guess matrices

[F'] =
  104.83905     -39.140348      9.3464801     -6.2384746      2.3571520    -0.80271078    
 -39.140348      33.432639     -14.930798      4.1059343     -2.4125141     0.50003393    
  9.3464801     -14.930798      10.592993     -5.7245659      1.1448522    -0.55045148    
 -6.2384746      4.1059343     -5.7245659      3.3290093     -2.0733517     0.60879332E-01
  2.3571520     -2.4125141      1.1448522     -2.0733517     0.52319236    -0.57920577    
-0.80271078     0.50003393    -0.55045148     0.60879332E-01-0.57920577    -0.50676167    
 
[C'] =
 0.72531214E-01-0.33118165E-01-0.63687453E-01-0.10873477     0.41142072     0.89916409    
 0.23884017    -0.11755860    -0.19456012    -0.50545849     0.68321347    -0.41111164    
 0.46944967    -0.22859020    -0.44417215    -0.43238353    -0.57088644     0.13117845    
 0.60102976    -0.27076604    -0.16545215     0.70801627     0.17978597    -0.66817173E-01
 0.51204450     0.32485800E-01 0.82924225    -0.20709355    -0.73974242E-01 0.27431315E-01
 0.30640703     0.92653123    -0.21397255     0.39473722E-01 0.15679039E-01-0.81463904E-02
 
Orbital    1  Energy =  -1.99886678                                                                 
Orbital    2  Energy =  -0.44380771                                                                 
Orbital    3  Energy =   0.85810198                                                                 
Orbital    4  Energy =   5.46165619                                                                 
Orbital    5  Energy =  23.69210106                                                                 
Orbital    6  Energy = 124.64093698                                                                 
Initial FOCK(P=0) = 
  73.051701      6.6055417     -2.5843117     -2.0075004     -1.1356061    -0.61326243    
  6.6055417      7.0463405    -0.71074335     -2.1423920     -1.5205242    -0.88822318    
 -2.5843117    -0.71074335    -0.79463783     -1.8061310     -1.6686635     -1.1065886    
 -2.0075004     -2.1423920     -1.8061310     -1.6973396     -1.6089223     -1.2252951    
 -1.1356061     -1.5205242     -1.6686635     -1.6089223     -1.4672785     -1.2193293    
-0.61326243    -0.88822318     -1.1065886     -1.2252951     -1.2193293     -1.0973481    
 
Initial COEF = 
 0.13736540E-01-0.67384150E-02-0.66001053E-02-0.37825187E-01-0.40799526E-01  1.3956447    
 0.73350878E-01-0.26012529E-01-0.10314401     0.72200110E-01  1.9073613     -1.5200700    
 0.23557070    -0.16675088     0.54023064E-01 -2.3321013     -2.8638408      1.2668886    
 0.44179366    -0.84118034E-01 -2.1814264      4.0375576      2.4479434    -0.95429450    
 0.33643714     -1.0145534      3.8923680     -3.0523388     -1.4616475     0.56700097    
 0.43382952E-01  1.7088769     -1.9757426      1.0474749     0.47478684    -0.18678055    
 
SCF matrices

  SCF Step    1                                                                                     
[P] =
 0.37738505E-03 0.20151745E-02 0.64718526E-02 0.12137432E-01 0.92429642E-02 0.11918633E-02
 0.20151745E-02 0.10760702E-01 0.34558635E-01 0.64811906E-01 0.49355918E-01 0.63643552E-02
 0.64718526E-02 0.34558635E-01 0.11098711     0.20814728     0.15850946     0.20439505E-01
 0.12137432E-01 0.64811906E-01 0.20814728     0.39036328     0.29727159     0.38332627E-01
 0.92429642E-02 0.49355918E-01 0.15850946     0.29727159     0.22637989     0.29191272E-01
 0.11918633E-02 0.63643552E-02 0.20439505E-01 0.38332627E-01 0.29191272E-01 0.37641611E-02
 
[J]=
  3.9026833      2.3695292      1.0841365     0.51021086     0.25492707     0.13183146    
  2.3695292      3.6186310      2.6110771      1.4530516     0.77138520     0.40845362    
  1.0841365      2.6110771      3.1045314      2.3472363      1.4365003     0.80909073    
 0.51021086      1.4530516      2.3472363      2.4502589      1.8724234      1.1899973    
 0.25492707     0.77138520      1.4365003      1.8724234      1.8078630      1.3730482    
 0.13183146     0.40845362     0.80909073      1.1899973      1.3730482      1.2689850    
 
[Vxc] =
 -2.4805586     -1.5667591    -0.71875988    -0.33841968    -0.16911394    -0.87458677E-01
 -1.5667591     -2.3446472     -1.6495433    -0.90862800    -0.48053544    -0.25406590    
-0.71875988     -1.6495433     -1.8426063     -1.3418075    -0.80656245    -0.45067514    
-0.33841968    -0.90862800     -1.3418075     -1.2934438    -0.93455648    -0.57521872    
-0.16911394    -0.48053544    -0.80656245    -0.93455648    -0.80293572    -0.55658954    
-0.87458677E-01-0.25406590    -0.45067514    -0.57521872    -0.55658954    -0.42834397    
 
[F'] =
  106.31734     -39.199463      9.3670516     -6.2500988      2.3630238    -0.80399741    
 -39.199463      34.704187     -14.915106      4.1077138     -2.4127808     0.50155262    
  9.3670516     -14.915106      11.824730     -5.6637361      1.1705528    -0.54117022    
 -6.2500988      4.1077138     -5.6637361      4.3657328     -1.9878489     0.85701822E-01
  2.3630238     -2.4127808      1.1705528     -1.9878489      1.3496555    -0.47975627    
-0.80399741     0.50155262    -0.54117022     0.85701822E-01-0.47975627     0.16958244    
 
[C'] =
 0.67200601E-01-0.31563530E-01-0.66807035E-01-0.10951668     0.41125725     0.89938769    
 0.22014917    -0.11379260    -0.20087271    -0.50999725     0.68514141    -0.41075516    
 0.43203327    -0.21563430    -0.46994207    -0.45155923    -0.57005024     0.13092187    
 0.57421388    -0.29949506    -0.23834186     0.69879989     0.17613068    -0.66565652E-01
 0.53807075    -0.96816544E-01 0.81282782    -0.18554842    -0.72416248E-01 0.27295378E-01
 0.37566470     0.91678029    -0.12979026     0.35407235E-01 0.15010730E-01-0.80883504E-02
 
Orbital    1  Energy =  -0.85885566                                                                 
Orbital    2  Energy =   0.28496445                                                                 
Orbital    3  Energy =   1.73443379                                                                 
Orbital    4  Energy =   6.53939698                                                                 
Orbital    5  Energy =  24.90627376                                                                 
Orbital    6  Energy = 126.12501024                                                                 
[F] =
  74.473825      7.4083119     -2.2189350     -1.8357093     -1.0497930    -0.56888965    
  7.4083119      8.3203242     0.25079045     -1.5979684     -1.2296744    -0.73383545    
 -2.2189350     0.25079045     0.46728727    -0.80070208     -1.0387256    -0.74817300    
 -1.8357093     -1.5979684    -0.80070208    -0.54052446    -0.67105539    -0.61051651    
 -1.0497930     -1.2296744     -1.0387256    -0.67105539    -0.46235122    -0.40287061    
-0.56888965    -0.73383545    -0.74817300    -0.61051651    -0.40287061    -0.25670712    
 
[C] =
 0.12602913E-01-0.70020765E-02-0.64061853E-02-0.38442607E-01-0.41407409E-01  1.3956202    
 0.69465006E-01-0.20567451E-01-0.11328534     0.76756098E-01  1.9076607     -1.5190147    
 0.20962690    -0.18613691     0.10165555     -2.3437003     -2.8546790      1.2650920    
 0.38397667     0.10851678     -2.3190387      3.9782583      2.4280685    -0.95217888    
 0.35939153     -1.4437193      3.8417583     -2.9478698     -1.4441398     0.56536896    
 0.12771840      1.8998790     -1.8190182     0.99750587     0.46783123    -0.18614768    
 
  SCF Step    2                                                                                     
[P] =
 0.31766682E-03 0.17509228E-02 0.52838190E-02 0.96784490E-02 0.90587603E-02 0.32192478E-02
 0.17509228E-02 0.96507741E-02 0.29123467E-01 0.53345883E-01 0.49930270E-01 0.17743919E-01
 0.52838190E-02 0.29123467E-01 0.87886872E-01 0.16098368     0.15067626     0.53546425E-01
 0.96784490E-02 0.53345883E-01 0.16098368     0.29487617     0.27599593     0.98081774E-01
 0.90587603E-02 0.49930270E-01 0.15067626     0.27599593     0.25832455     0.91801825E-01
 0.32192478E-02 0.17743919E-01 0.53546425E-01 0.98081774E-01 0.91801825E-01 0.32623981E-01
 
[J]=
  3.6254525      2.2032310      1.0083190     0.47456700     0.23712375     0.12262596    
  2.2032310      3.3784460      2.4443700      1.3618257     0.72326737     0.38304041    
  1.0083190      2.4443700      2.9279560      2.2243932      1.3644414     0.76927710    
 0.47456700      1.3618257      2.2243932      2.3446849      1.8022491      1.1487565    
 0.23712375     0.72326737      1.3644414      1.8022491      1.7564907      1.3410841    
 0.12262596     0.38304041     0.76927710      1.1487565      1.3410841      1.2482987    
 
[Vxc] =
 -2.3661497     -1.4949817    -0.68589653    -0.32295526    -0.16138759    -0.83463221E-01
 -1.4949817     -2.2406670     -1.5784424    -0.87001726    -0.46023370    -0.24335736    
-0.68589653     -1.5784424     -1.7723197     -1.2966164    -0.78141084    -0.43715057    
-0.32295526    -0.87001726     -1.2966164     -1.2659446    -0.92421807    -0.57236998    
-0.16138759    -0.46023370    -0.78141084    -0.92421807    -0.81226810    -0.57311631    
-0.83463221E-01-0.24335736    -0.43715057    -0.57236998    -0.57311631    -0.45654424    
 
[F'] =
  106.15256     -39.201431      9.3638182     -6.2491765      2.3620632    -0.80395596    
 -39.201431      34.574259     -14.923976      4.1014502     -2.4131488     0.50052365    
  9.3638182     -14.923976      11.733988     -5.6715383      1.1655753    -0.54272824    
 -6.2491765      4.1014502     -5.6715383      4.3056329     -1.9923786     0.84989904E-01
  2.3620632     -2.4131488      1.1655753     -1.9923786      1.3026978    -0.48690171    
-0.80395596     0.50052365    -0.54272824     0.84989904E-01-0.48690171     0.13201559    
 
[C'] =
 0.68404286E-01-0.31662904E-01-0.66634431E-01-0.10957584     0.41123097     0.89931106    
 0.22424531    -0.11396989    -0.20056777    -0.50939093     0.68424594    -0.41088423    
 0.43851631    -0.21573807    -0.46657379    -0.44758303    -0.57094033     0.13101907    
 0.57742359    -0.29455629    -0.22879613     0.70128833     0.17671848    -0.66604664E-01
 0.53417888    -0.82782344E-01 0.81651379    -0.18733004    -0.72571696E-01 0.27313753E-01
 0.36602358     0.91970054    -0.13637772     0.35854990E-01 0.15088082E-01-0.80956296E-02
 
Orbital    1  Energy =  -0.93831593                                                                 
Orbital    2  Energy =   0.24158457                                                                 
Orbital    3  Energy =   1.67627302                                                                 
Orbital    4  Energy =   6.45921390                                                                 
Orbital    5  Energy =  24.79318080                                                                 
Orbital    6  Energy = 125.96921357                                                                 
[F] =
  74.311004      7.3137911     -2.2618892     -1.8558887     -1.0598700    -0.57409969    
  7.3137911      8.1841195     0.15518416     -1.6505835     -1.2574905    -0.74854013    
 -2.2618892     0.15518416     0.36099854    -0.87835423     -1.0856329    -0.77446206    
 -1.8558887     -1.6505835    -0.87835423    -0.61859929    -0.73089126    -0.64890850    
 -1.0598700     -1.2574905     -1.0856329    -0.73089126    -0.52305587    -0.45136148    
-0.57409969    -0.74854013    -0.77446206    -0.64890850    -0.45136148    -0.30559366    
 
[C] =
 0.12817511E-01-0.69543068E-02-0.64105812E-02-0.38322517E-01-0.41208462E-01  1.3956277    
 0.70826177E-01-0.21209013E-01-0.11290887     0.74929500E-01  1.9074182     -1.5193667    
 0.21608835    -0.18470334     0.96283187E-01 -2.3396461     -2.8575678      1.2656175    
 0.38877985     0.93693651E-01 -2.3020707      3.9853582      2.4322349    -0.95265436    
 0.35725185     -1.4042042      3.8467651     -2.9591862     -1.4470389     0.56567493    
 0.11586936      1.8840303     -1.8331815      1.0025688     0.46885912    -0.18625544    
 
  SCF Step    3                                                                                     
[P] =
 0.32857716E-03 0.18156306E-02 0.55394294E-02 0.99663798E-02 0.91581589E-02 0.29703135E-02
 0.18156306E-02 0.10032695E-01 0.30609423E-01 0.55071581E-01 0.50605566E-01 0.16413167E-01
 0.55394294E-02 0.30609423E-01 0.93388348E-01 0.16802159     0.15439593     0.50076037E-01
 0.99663798E-02 0.55071581E-01 0.16802159     0.30229955     0.27778465     0.90095344E-01
 0.91581589E-02 0.50605566E-01 0.15439593     0.27778465     0.25525777     0.82789086E-01
 0.29703135E-02 0.16413167E-01 0.50076037E-01 0.90095344E-01 0.82789086E-01 0.26851417E-01
 
[J]=
  3.6756093      2.2332094      1.0219722     0.48098382     0.24032849     0.12428296    
  2.2332094      3.4210872      2.4736964      1.3778159     0.73169022     0.38748655    
  1.0219722      2.4736964      2.9583587      2.2453020      1.3766461     0.77600650    
 0.48098382      1.3778159      2.2453020      2.3623216      1.8138709      1.1555614    
 0.24032849     0.73169022      1.3766461      1.8138709      1.7649110      1.3463023    
 0.12428296     0.38748655     0.77600650      1.1555614      1.3463023      1.2516641    
 
[Vxc] =
 -2.3906163     -1.5102312    -0.69286315    -0.32623136    -0.16302403    -0.84309389E-01
 -1.5102312     -2.2619044     -1.5925654    -0.87759875    -0.46420287    -0.24544740    
-0.69286315     -1.5925654     -1.7853095     -1.3046179    -0.78577847    -0.43947969    
-0.32623136    -0.87759875     -1.3046179     -1.2704518    -0.92585588    -0.57282371    
-0.16302403    -0.46420287    -0.78577847    -0.92585588    -0.81093841    -0.57080943    
-0.84309389E-01-0.24544740    -0.43947969    -0.57282371    -0.57080943    -0.45281775    
 
[F'] =
  106.17874     -39.201391      9.3643453     -6.2493387      2.3622188    -0.80396516    
 -39.201391      34.594786     -14.922746      4.1022430     -2.4131070     0.50066261    
  9.3643453     -14.922746      11.749165     -5.6701169      1.1663831    -0.54246280    
 -6.2493387      4.1022430     -5.6701169      4.3156478     -1.9910982     0.85295746E-01
  2.3622188     -2.4131070      1.1663831     -1.9910982      1.3093111    -0.48538812    
-0.80396516     0.50066261    -0.54246280     0.85295746E-01-0.48538812     0.13661200    
 
[C'] =
 0.68206564E-01-0.31653501E-01-0.66676226E-01-0.10957240     0.41123354     0.89932256    
 0.22357347    -0.11396720    -0.20064290    -0.50949777     0.68437624    -0.41086494    
 0.43738858    -0.21572978    -0.46717118    -0.44822682    -0.57081819     0.13100495    
 0.57676390    -0.29546244    -0.23052952     0.70090849     0.17661685    -0.66597786E-01
 0.53486722    -0.85456853E-01 0.81588023    -0.18693793    -0.72539630E-01 0.27310383E-01
 0.36785115     0.91916770    -0.13506811     0.35778839E-01 0.15074046E-01-0.80943143E-02
 
Orbital    1  Energy =  -0.92520483                                                                 
Orbital    2  Energy =   0.24724756                                                                 
Orbital    3  Energy =   1.68477770                                                                 
Orbital    4  Energy =   6.47203975                                                                 
Orbital    5  Energy =  24.81122909                                                                 
Orbital    6  Energy = 125.99417555                                                                 
[F] =
  74.336694      7.3285199     -2.2552026     -1.8527480     -1.0583017    -0.57328886    
  7.3285199      8.2055233     0.17038772     -1.6421749     -1.2530369    -0.74618402    
 -2.2552026     0.17038772     0.37841133    -0.86544691     -1.0777959    -0.77006177    
 -1.8527480     -1.6421749    -0.86544691    -0.60546975    -0.72090735    -0.64255741    
 -1.0583017     -1.2530369     -1.0777959    -0.72090735    -0.51330586    -0.44383642    
-0.57328886    -0.74618402    -0.77006177    -0.64255741    -0.44383642    -0.29850175    
 
[C] =
 0.12781429E-01-0.69644116E-02-0.64078483E-02-0.38341989E-01-0.41238310E-01  1.3956265    
 0.70611206E-01-0.21105858E-01-0.11302833     0.75199247E-01  1.9074517     -1.5193139    
 0.21510083    -0.18505245     0.97326958E-01 -2.3402480     -2.8571269      1.2655374    
 0.38763928     0.96683713E-01 -2.3052026      3.9840219      2.4315527    -0.95257815    
 0.35765426     -1.4118728      3.8458143     -2.9569788     -1.4465373     0.56562383    
 0.11814991      1.8871260     -1.8304445      1.0015695     0.46867668    -0.18623706    
 
  SCF Step    4                                                                                     
[P] =
 0.32672983E-03 0.18050242E-02 0.54985918E-02 0.99091677E-02 0.91426648E-02 0.30202492E-02
 0.18050242E-02 0.99718847E-02 0.30377058E-01 0.54743354E-01 0.50508797E-01 0.16685415E-01
 0.54985918E-02 0.30377058E-01 0.92536735E-01 0.16676306     0.15386346     0.50828287E-01
 0.99091677E-02 0.54743354E-01 0.16676306     0.30052843     0.27728168     0.91599091E-01
 0.91426648E-02 0.50508797E-01 0.15386346     0.27728168     0.25583314     0.84513636E-01
 0.30202492E-02 0.16685415E-01 0.50828287E-01 0.91599091E-01 0.84513636E-01 0.27918801E-01
 
[J]=
  3.6669042      2.2280008      1.0195993     0.47986847     0.23977144     0.12399493    
  2.2280008      3.4136430      2.4685611      1.3750123     0.73021276     0.38670650    
  1.0195993      2.4685611      2.9529930      2.2415945      1.3744774     0.77480963    
 0.47986847      1.3750123      2.2415945      2.3591674      1.8117827      1.1543361    
 0.23977144     0.73021276      1.3744774      1.8117827      1.7633881      1.3453554    
 0.12399493     0.38670650     0.77480963      1.1543361      1.3453554      1.2510510    
 
[Vxc] =
 -2.3865592     -1.5076988    -0.69170569    -0.32568697    -0.16275209    -0.84168773E-01
 -1.5076988     -2.2583464     -1.5901831    -0.87631605    -0.46353055    -0.24509321    
-0.69170569     -1.5901831     -1.7830721     -1.3032186    -0.78500870    -0.43906774    
-0.32568697    -0.87631605     -1.3032186     -1.2696335    -0.92554608    -0.57273191    
-0.16275209    -0.46353055    -0.78500870    -0.92554608    -0.81116928    -0.57122926    
-0.84168773E-01-0.24509321    -0.43906774    -0.57273191    -0.57122926    -0.45351391    
 
[F'] =
  106.17402     -39.201411      9.3642526     -6.2493103      2.3621912    -0.80396376    
 -39.201411      34.591064     -14.922979      4.1020890     -2.4131158     0.50063679    
  9.3642526     -14.922979      11.746453     -5.6703684      1.1662368    -0.54251284    
 -6.2493103      4.1020890     -5.6703684      4.3138685     -1.9913038     0.85258043E-01
  2.3621912     -2.4131158      1.1662368     -1.9913038      1.3080887    -0.48565925    
-0.80396376     0.50063679    -0.54251284     0.85258043E-01-0.48565925     0.13573252    
 
[C'] =
 0.68242155E-01-0.31656077E-01-0.66669058E-01-0.10957321     0.41123297     0.89932046    
 0.22369469    -0.11397037    -0.20062978    -0.50947867     0.68435205    -0.41086845    
 0.43758887    -0.21573566    -0.46706408    -0.44811001    -0.57084121     0.13100758    
 0.57687557    -0.29530713    -0.23022189     0.70097847     0.17663500    -0.66599001E-01
 0.53474570    -0.84984974E-01 0.81599345    -0.18700425    -0.72545133E-01 0.27310976E-01
 0.36753407     0.91925950    -0.13530204     0.35793972E-01 0.15076698E-01-0.80945587E-02
 
Orbital    1  Energy =  -0.92755102                                                                 
Orbital    2  Energy =   0.24617835                                                                 
Orbital    3  Energy =   1.68321781                                                                 
Orbital    4  Energy =   6.46973073                                                                 
Orbital    5  Energy =  24.80796884                                                                 
Orbital    6  Energy = 125.98967789                                                                 
[F] =
  74.332046      7.3258437     -2.2564181     -1.8533189     -1.0585868    -0.57343627    
  7.3258437      8.2016371     0.16763461     -1.6436957     -1.2538420    -0.74660989    
 -2.2564181     0.16763461     0.37528312    -0.86775509     -1.0791948    -0.77084669    
 -1.8533189     -1.6436957    -0.86775509    -0.60780575    -0.72268568    -0.64369091    
 -1.0585868     -1.2538420     -1.0791948    -0.72268568    -0.51505966    -0.44520315    
-0.57343627    -0.74660989    -0.77084669    -0.64369091    -0.44520315    -0.29981104    
 
[C] =
 0.12787902E-01-0.69626841E-02-0.64082067E-02-0.38338426E-01-0.41232864E-01  1.3956267    
 0.70649987E-01-0.21126007E-01-0.11300903     0.75149357E-01  1.9074454     -1.5193235    
 0.21528423    -0.18499072     0.97146160E-01 -2.3401367     -2.8572079      1.2655520    
 0.38782436     0.96143990E-01 -2.3046523      3.9842567      2.4316760    -0.95259194    
 0.35758619     -1.4105071      3.8459900     -2.9573645     -1.4466271     0.56563301    
 0.11775517      1.8865728     -1.8309351      1.0017455     0.46870938    -0.18624037    
 
  SCF Step    5                                                                                     
[P] =
 0.32706089E-03 0.18069303E-02 0.55060675E-02 0.99189200E-02 0.91455546E-02 0.30116831E-02
 0.18069303E-02 0.99828414E-02 0.30419657E-01 0.54799572E-01 0.50526920E-01 0.16638802E-01
 0.55060675E-02 0.30419657E-01 0.92694602E-01 0.16698494     0.15396534     0.50701662E-01
 0.99189200E-02 0.54799572E-01 0.16698494     0.30081547     0.27736127     0.91336644E-01
 0.91455546E-02 0.50526920E-01 0.15396534     0.27736127     0.25573577     0.84215243E-01
 0.30116831E-02 0.16638802E-01 0.50701662E-01 0.91336644E-01 0.84215243E-01 0.27732559E-01
 
[J]=
  3.6684503      2.2289256      1.0200206     0.48006649     0.23987033     0.12404607    
  2.2289256      3.4149631      2.4694709      1.3755089     0.73047440     0.38684464    
  1.0200206      2.4694709      2.9539416      2.2422490      1.3748600     0.77502074    
 0.48006649      1.3755089      2.2422490      2.3597228      1.8121499      1.1545514    
 0.23987033     0.73047440      1.3748600      1.8121499      1.7636554      1.3455214    
 0.12404607     0.38684464     0.77502074      1.1545514      1.3455214      1.2511584    
 
[Vxc] =
 -2.3872881     -1.5081536    -0.69191355    -0.32578473    -0.16280093    -0.84194025E-01
 -1.5081536     -2.2589841     -1.5906094    -0.87654539    -0.46365072    -0.24515651    
-0.69191355     -1.5906094     -1.7834702     -1.3034665    -0.78514475    -0.43914047    
-0.32578473    -0.87654539     -1.3034665     -1.2697768    -0.92559966    -0.57274745    
-0.16280093    -0.46365072    -0.78514475    -0.92559966    -0.81112813    -0.57115557    
-0.84194025E-01-0.24515651    -0.43914047    -0.57274745    -0.57115557    -0.45339263    
 
[F'] =
  106.17485     -39.201408      9.3642691     -6.2493153      2.3621961    -0.80396402    
 -39.201408      34.591718     -14.922938      4.1021156     -2.4131143     0.50064130    
  9.3642691     -14.922938      11.746931     -5.6703240      1.1662625    -0.54250416    
 -6.2493153      4.1021156     -5.6703240      4.3141826     -1.9912664     0.85265547E-01
  2.3621961     -2.4131143      1.1662625     -1.9912664      1.3083021    -0.48561160    
-0.80396402     0.50064130    -0.54250416     0.85265547E-01-0.48561160     0.13588476    
 
[C'] =
 0.68235889E-01-0.31655670E-01-0.66670330E-01-0.10957307     0.41123307     0.89932083    
 0.22367337    -0.11396995    -0.20063209    -0.50948203     0.68435628    -0.41086783    
 0.43755350    -0.21573488    -0.46708292    -0.44813053    -0.57083720     0.13100712    
 0.57685556    -0.29533485    -0.23027620     0.70096624     0.17663180    -0.66598786E-01
 0.53476719    -0.85068389E-01 0.81597349    -0.18699237    -0.72544150E-01 0.27310871E-01
 0.36759044     0.91924313    -0.13526088     0.35791387E-01 0.15076239E-01-0.80945161E-02
 
Orbital    1  Energy =  -0.92713777                                                                 
Orbital    2  Energy =   0.24636406                                                                 
Orbital    3  Energy =   1.68349076                                                                 
Orbital    4  Energy =   6.47013691                                                                 
Orbital    5  Energy =  24.80854196                                                                 
Orbital    6  Energy = 125.99046930                                                                 
[F] =
  74.332863      7.3263137     -2.2562046     -1.8532187     -1.0585367    -0.57341039    
  7.3263137      8.2023194     0.16811820     -1.6434285     -1.2537005    -0.74653505    
 -2.2562046     0.16811820     0.37583357    -0.86734845     -1.0789483    -0.77070832    
 -1.8532187     -1.6434285    -0.86734845    -0.60739363    -0.72237204    -0.64349111    
 -1.0585367     -1.2537005     -1.0789483    -0.72237204    -0.51475121    -0.44496341    
-0.57341039    -0.74653505    -0.77070832    -0.64349111    -0.44496341    -0.29958236    
 
[C] =
 0.12786762E-01-0.69629925E-02-0.64081363E-02-0.38339049E-01-0.41233821E-01  1.3956267    
 0.70643152E-01-0.21122543E-01-0.11301252     0.75158086E-01  1.9074465     -1.5193219    
 0.21525227    -0.18500162     0.97178319E-01 -2.3401562     -2.8571937      1.2655495    
 0.38779078     0.96238662E-01 -2.3047498      3.9842152      2.4316543    -0.95258952    
 0.35759839     -1.4107477      3.8459594     -2.9572961     -1.4466113     0.56563139    
 0.11782539      1.8866702     -1.8308488      1.0017143     0.46870362    -0.18623979    
 
  SCF Step    6                                                                                     
[P] =
 0.32700258E-03 0.18065944E-02 0.55047592E-02 0.99171770E-02 0.91450512E-02 0.30132104E-02
 0.18065944E-02 0.99809097E-02 0.30412198E-01 0.54789525E-01 0.50523755E-01 0.16647113E-01
 0.55047592E-02 0.30412198E-01 0.92667080E-01 0.16694569     0.15394773     0.50724364E-01
 0.99171770E-02 0.54789525E-01 0.16694569     0.30076337     0.27734671     0.91383196E-01
 0.91450512E-02 0.50523755E-01 0.15394773     0.27734671     0.25575322     0.84268337E-01
 0.30132104E-02 0.16647113E-01 0.50724364E-01 0.91383196E-01 0.84268337E-01 0.27765643E-01
 
[J]=
  3.6681772      2.2287622      1.0199462     0.48003151     0.23985286     0.12403703    
  2.2287622      3.4147298      2.4693101      1.3754211     0.73042815     0.38682022    
  1.0199462      2.4693101      2.9537738      2.2421332      1.3747923     0.77498338    
 0.48003151      1.3754211      2.2421332      2.3596245      1.8120849      1.1545133    
 0.23985286     0.73042815      1.3747923      1.8120849      1.7636080      1.3454920    
 0.12403703     0.38682022     0.77498338      1.1545133      1.3454920      1.2511394    
 
[Vxc] =
 -2.3871598     -1.5080735    -0.69187695    -0.32576752    -0.16279233    -0.84189577E-01
 -1.5080735     -2.2588718     -1.5905343    -0.87650496    -0.46362953    -0.24514535    
-0.69187695     -1.5905343     -1.7833999     -1.3034227    -0.78512069    -0.43912760    
-0.32576752    -0.87650496     -1.3034227     -1.2697514    -0.92559012    -0.57274467    
-0.16279233    -0.46362953    -0.78512069    -0.92559012    -0.81113538    -0.57116862    
-0.84189577E-01-0.24514535    -0.43912760    -0.57274467    -0.57116862    -0.45341416    
 
[F'] =
  106.17470     -39.201409      9.3642661     -6.2493144      2.3621952    -0.80396398    
 -39.201409      34.591602     -14.922946      4.1021109     -2.4131146     0.50064050    
  9.3642661     -14.922946      11.746846     -5.6703319      1.1662579    -0.54250570    
 -6.2493144      4.1021109     -5.6703319      4.3141271     -1.9912729     0.85264261E-01
  2.3621952     -2.4131146      1.1662579     -1.9912729      1.3082642    -0.48562004    
-0.80396398     0.50064050    -0.54250570     0.85264261E-01-0.48562004     0.13585768    
 
[C'] =
 0.68236998E-01-0.31655744E-01-0.66670106E-01-0.10957310     0.41123305     0.89932077    
 0.22367714    -0.11397003    -0.20063168    -0.50948144     0.68435553    -0.41086794    
 0.43755976    -0.21573503    -0.46707959    -0.44812689    -0.57083791     0.13100720    
 0.57685909    -0.29532996    -0.23026660     0.70096841     0.17663236    -0.66598824E-01
 0.53476339    -0.85053637E-01 0.81597702    -0.18699446    -0.72544324E-01 0.27310890E-01
 0.36758048     0.91924602    -0.13526817     0.35791848E-01 0.15076321E-01-0.80945237E-02
 
Orbital    1  Energy =  -0.92721092                                                                 
Orbital    2  Energy =   0.24633106                                                                 
Orbital    3  Energy =   1.68344236                                                                 
Orbital    4  Energy =   6.47006499                                                                 
Orbital    5  Energy =  24.80844046                                                                 
Orbital    6  Energy = 125.99032918                                                                 
[F] =
  74.332718      7.3262304     -2.2562424     -1.8532364     -1.0585456    -0.57341497    
  7.3262304      8.2021986     0.16803253     -1.6434759     -1.2537256    -0.74654831    
 -2.2562424     0.16803253     0.37573610    -0.86742043     -1.0789919    -0.77073281    
 -1.8532364     -1.6434759    -0.86742043    -0.60746655    -0.72242754    -0.64352647    
 -1.0585456     -1.2537256     -1.0789919    -0.72242754    -0.51480583    -0.44500590    
-0.57341497    -0.74654831    -0.77073281    -0.64352647    -0.44500590    -0.29962294    
 
[C] =
 0.12786964E-01-0.69629382E-02-0.64081484E-02-0.38338938E-01-0.41233652E-01  1.3956267    
 0.70644361E-01-0.21123160E-01-0.11301190     0.75156538E-01  1.9074463     -1.5193222    
 0.21525795    -0.18499969     0.97172642E-01 -2.3401527     -2.8571963      1.2655499    
 0.38779667     0.96221882E-01 -2.3047326      3.9842225      2.4316582    -0.95258995    
 0.35759624     -1.4107051      3.8459648     -2.9573082     -1.4466141     0.56563168    
 0.11781299      1.8866529     -1.8308641      1.0017199     0.46870464    -0.18623989    
 
  SCF Step    7                                                                                     
[P] =
 0.32701290E-03 0.18066538E-02 0.55049913E-02 0.99174843E-02 0.91451406E-02 0.30129410E-02
 0.18066538E-02 0.99812515E-02 0.30413520E-01 0.54791296E-01 0.50524316E-01 0.16645647E-01
 0.55049913E-02 0.30413520E-01 0.92671967E-01 0.16695263     0.15395086     0.50720365E-01
 0.99174843E-02 0.54791296E-01 0.16695263     0.30077252     0.27734926     0.91374972E-01
 0.91451406E-02 0.50524316E-01 0.15395086     0.27734926     0.25575014     0.84258965E-01
 0.30129410E-02 0.16645647E-01 0.50720365E-01 0.91374972E-01 0.84258965E-01 0.27759802E-01
 
[J]=
  3.6682255      2.2287911      1.0199593     0.48003770     0.23985595     0.12403863    
  2.2287911      3.4147711      2.4693386      1.3754366     0.73043633     0.38682454    
  1.0199593      2.4693386      2.9538035      2.2421537      1.3748043     0.77498999    
 0.48003770      1.3754366      2.2421537      2.3596419      1.8120964      1.1545200    
 0.23985595     0.73043633      1.3748043      1.8120964      1.7636164      1.3454972    
 0.12403863     0.38682454     0.77498999      1.1545200      1.3454972      1.2511427    
 
[Vxc] =
 -2.3871825     -1.5080877    -0.69188343    -0.32577056    -0.16279385    -0.84190365E-01
 -1.5080877     -2.2588916     -1.5905475    -0.87651211    -0.46363328    -0.24514733    
-0.69188343     -1.5905475     -1.7834123     -1.3034304    -0.78512494    -0.43912987    
-0.32577056    -0.87651211     -1.3034304     -1.2697559    -0.92559180    -0.57274516    
-0.16279385    -0.46363328    -0.78512494    -0.92559180    -0.81113410    -0.57116631    
-0.84190365E-01-0.24514733    -0.43912987    -0.57274516    -0.57116631    -0.45341036    
 
[F'] =
  106.17473     -39.201409      9.3642667     -6.2493146      2.3621954    -0.80396398    
 -39.201409      34.591622     -14.922944      4.1021117     -2.4131145     0.50064065    
  9.3642667     -14.922944      11.746861     -5.6703305      1.1662587    -0.54250543    
 -6.2493146      4.1021117     -5.6703305      4.3141369     -1.9912718     0.85264491E-01
  2.3621954     -2.4131145      1.1662587     -1.9912718      1.3082709    -0.48561855    
-0.80396398     0.50064065    -0.54250543     0.85264491E-01-0.48561855     0.13586246    
 
[C'] =
 0.68236802E-01-0.31655731E-01-0.66670145E-01-0.10957309     0.41123305     0.89932078    
 0.22367648    -0.11397002    -0.20063175    -0.50948154     0.68435567    -0.41086792    
 0.43755865    -0.21573500    -0.46708018    -0.44812753    -0.57083778     0.13100719    
 0.57685846    -0.29533083    -0.23026829     0.70096802     0.17663226    -0.66598818E-01
